T=1.05;
R=12.50;
L=0.091e-3;
J=0.005;
kf=1.38e-8;
ke=0.5;
f1=1;
f2=2;
f3=3;